[array([-1.26949906e-01,  8.80085975e-02,  6.95081130e-02, -9.37575176e-02,
       -6.25471398e-02, -1.94882508e-04,  2.82567181e-03, -3.82441692e-02,
        2.17686057e-01, -9.88738239e-02,  2.60101974e-01,  1.57097317e-02,
       -2.41002142e-01, -1.34968206e-01,  4.18493673e-02,  5.72119467e-02,
       -1.27894014e-01, -6.17797412e-02, -9.48745459e-02, -8.44346583e-02,
        5.73698729e-02, -5.63932816e-03,  5.57094589e-02,  2.16194019e-02,
       -1.81953475e-01, -4.38533038e-01, -8.38987976e-02, -9.50028747e-02,
        4.40278500e-02, -1.33953229e-01, -2.94468421e-02,  3.16013545e-02,
       -1.42440289e-01, -6.81186616e-02, -3.85407805e-02,  6.47489429e-02,
       -1.76997148e-02, -8.19887370e-02,  1.63264036e-01,  4.05176543e-03,
       -1.24781340e-01, -6.47430643e-02,  2.93656252e-02,  2.25765884e-01,
        2.30039850e-01,  4.10114788e-03,  1.03262350e-01, -1.32566646e-01,
        1.41738266e-01, -1.84820354e-01,  6.75614178e-02,  1.06675707e-01,
        4.49833907e-02,  6.50869906e-02,  1.27464026e-01, -1.66295439e-01,
        2.51178686e-02,  1.00082271e-01, -2.19748318e-01,  2.10344288e-02,
        2.07288861e-02,  1.29177067e-02, -7.46742040e-02,  3.21138650e-03,
        1.87574744e-01,  1.32272989e-01, -1.12917542e-01, -1.81766555e-01,
        1.20433643e-01, -2.09614277e-01,  2.98280120e-02,  1.07684568e-01,
       -1.15480885e-01, -1.71603009e-01, -2.65144885e-01,  2.69649439e-02,
        3.66389632e-01,  1.58278018e-01, -1.78004920e-01, -3.69131938e-02,
       -1.58563182e-01, -8.01586509e-02,  1.11368395e-01,  5.77843040e-02,
       -1.20150283e-01,  7.75357150e-03, -1.14620261e-01,  5.84690422e-02,
        1.67718396e-01,  6.75132275e-02, -3.01968157e-02,  2.44080544e-01,
        6.78405166e-02,  1.73135549e-02,  6.67066425e-02,  7.36137256e-02,
       -2.01594442e-01,  2.32908912e-02, -9.55676958e-02, -3.29176858e-02,
        6.43587038e-02, -1.13334283e-01,  9.49929841e-03,  9.69010293e-02,
       -2.21054301e-01,  2.04772577e-01, -1.56062227e-02,  2.49304157e-03,
        1.49934571e-02, -7.90978894e-02, -7.67525733e-02, -3.11647486e-02,
        1.39698893e-01, -2.72567511e-01,  6.76768124e-02,  1.63882360e-01,
        6.48787245e-02,  1.92462623e-01,  5.46831414e-02,  6.20419383e-02,
       -2.54964288e-02, -2.60700900e-02, -1.30397469e-01,  3.97196077e-02,
       -4.33203503e-02, -4.82567251e-02,  5.36549240e-02, -1.56792775e-02]), array([-1.48810655e-01,  8.85800347e-02,  3.07818204e-02, -6.32834360e-02,
       -2.66804174e-02, -4.54109795e-02,  2.00750418e-02, -9.21859965e-02,
        2.34878317e-01, -1.42879099e-01,  2.23790854e-01, -2.55545489e-02,
       -1.77315608e-01, -1.36259034e-01,  6.64933864e-03,  4.74304408e-02,
       -9.53420848e-02, -1.12081498e-01, -8.52278471e-02, -9.73223448e-02,
        9.02923476e-03, -3.94778624e-02,  6.46631196e-02,  4.66649085e-02,
       -2.30711862e-01, -4.10598278e-01, -1.28855065e-01, -1.01631641e-01,
        2.20112782e-02, -1.56499177e-01, -4.87637520e-02,  1.82589199e-02,
       -1.65506259e-01, -8.59775916e-02, -7.83113092e-02,  7.61382133e-02,
        3.78491990e-02, -4.03254926e-02,  1.72062069e-01,  3.22901234e-02,
       -1.36424512e-01, -4.73779403e-02,  2.45887414e-02,  2.79687434e-01,
        1.92134872e-01,  3.30927735e-03,  2.70140134e-02, -7.43208304e-02,
        1.31271109e-01, -1.99179903e-01,  1.03299335e-01,  8.67852643e-02,
        3.52656990e-02,  2.60548890e-02,  1.08072780e-01, -6.65087998e-02,
       -2.20531635e-02,  9.94270593e-02, -2.07507104e-01,  4.23250981e-02,
        5.56747280e-02,  4.92303073e-02, -8.60689059e-02, -1.83819141e-02,
        1.93232790e-01,  1.69993237e-01, -1.19770750e-01, -1.03808999e-01,
        1.29829213e-01, -2.15764567e-01,  5.97086176e-02,  4.94939461e-02,
       -6.51933178e-02, -1.78891852e-01, -2.63640285e-01,  9.85392183e-02,
        3.76115799e-01,  1.77014291e-01, -1.12222701e-01, -3.16204950e-02,
       -1.80266321e-01, -8.25508833e-02,  5.72416298e-02, -8.69607925e-03,
       -1.49955183e-01,  4.51663882e-02, -8.58973488e-02,  8.77276510e-02,
        1.76260307e-01,  1.09957360e-01, -2.84466594e-02,  2.41679952e-01,
        7.27679580e-05,  1.63893625e-02,  5.01057431e-02,  8.46169740e-02,
       -2.13018268e-01,  8.35943222e-03, -9.86492410e-02,  1.41498828e-02,
        1.06240705e-01, -1.28639638e-01,  1.48549955e-02,  1.21506542e-01,
       -2.22269639e-01,  1.77751616e-01, -1.17975511e-02, -3.02103851e-02,
        5.28031737e-02,  3.10109295e-02, -1.28085539e-01, -8.80433694e-02,
        1.31912753e-01, -2.42387041e-01,  5.24284840e-02,  1.42273068e-01,
        5.09130172e-02,  1.65903866e-01,  7.78988898e-02,  5.11096790e-02,
       -1.02701206e-02,  1.12851085e-02, -1.04049541e-01,  6.23687683e-03,
       -4.26859409e-03, -6.06435090e-02,  6.26201928e-02,  1.75640620e-02]), array([-1.43455520e-01,  8.61746520e-02,  8.71603340e-02, -5.28037809e-02,
       -5.23269996e-02, -2.76039913e-03,  1.80500373e-02, -2.98965052e-02,
        2.43274942e-01, -9.22408774e-02,  2.09300026e-01, -2.72715092e-02,
       -2.04265773e-01, -1.18446894e-01,  4.27016169e-02,  5.43612689e-02,
       -1.00730240e-01, -5.03122024e-02, -1.17304370e-01, -1.26293138e-01,
        7.58646578e-02,  2.81281350e-03,  6.09048828e-02,  1.61439478e-02,
       -2.22767740e-01, -3.84846330e-01, -6.82082251e-02, -9.91379172e-02,
        7.49886483e-02, -8.10299814e-02, -3.78051400e-03,  3.32893208e-02,
       -1.44000784e-01, -6.62970319e-02, -1.65338032e-02,  6.69486225e-02,
        2.21621785e-02, -6.47725239e-02,  1.39278293e-01, -1.06013820e-01,
       -1.52144223e-01, -5.11746630e-02,  4.30706777e-02,  1.63170338e-01,
        1.76153511e-01,  8.52213893e-03,  5.93362674e-02, -7.32406452e-02,
        1.63226500e-01, -1.47026688e-01,  6.99833930e-02,  1.06338397e-01,
        6.83879554e-02,  2.75985152e-02,  1.55223429e-01, -1.22914426e-01,
        2.67921016e-04,  1.63646460e-01, -2.28761598e-01,  5.32739908e-02,
        1.20069794e-02, -1.29347481e-03, -6.70176968e-02, -2.43364787e-03,
        9.31142047e-02,  1.30188674e-01, -9.82927084e-02, -1.96440533e-01,
        1.23305857e-01, -2.20486552e-01,  8.49505514e-02,  1.23456679e-01,
       -8.49547684e-02, -1.94200441e-01, -2.31103033e-01,  3.99743170e-02,
        3.86221170e-01,  1.67375222e-01, -1.76052183e-01, -2.02317573e-02,
       -8.95907730e-02, -6.19895868e-02,  8.63305181e-02,  3.19455788e-02,
       -1.37145460e-01,  7.63512217e-03, -1.12239361e-01,  3.17467228e-02,
        1.65608421e-01,  6.58122748e-02, -3.21150906e-02,  2.52246082e-01,
        5.11870086e-02, -3.42596248e-02,  2.30882782e-02,  3.51487994e-02,
       -2.05610007e-01,  9.04611871e-03, -7.41456971e-02, -3.16314921e-02,
        8.94118845e-02, -1.18367366e-01,  6.74652401e-04,  5.86863905e-02,
       -1.95003271e-01,  1.86224878e-01, -3.55291739e-02,  2.22935900e-02,
        2.80298200e-03,  1.47521123e-03, -9.21950489e-02, -3.83958705e-02,
        1.54964477e-01, -2.25271031e-01,  5.94227687e-02,  1.29363492e-01,
        3.55640464e-02,  2.05640078e-01,  5.86162731e-02,  8.53126124e-02,
        4.13059965e-02,  1.27222193e-02, -7.38606453e-02, -3.03067397e-02,
       -1.14874970e-02, -8.48941430e-02,  7.27492571e-02, -1.56741124e-03]), array([-0.10082102,  0.01797053,  0.04226882, -0.06628669, -0.05846465,
        0.03827893,  0.03441715, -0.05012129,  0.24189098, -0.09145758,
        0.18817715,  0.00701087, -0.2277911 , -0.13839038, -0.03169395,
        0.07831418, -0.06408582, -0.08431391, -0.1127563 , -0.12741989,
        0.00118089,  0.00430158,  0.06646814, -0.00286995, -0.14024724,
       -0.410855  , -0.08835639, -0.10562986,  0.03263853, -0.14686094,
       -0.06418824,  0.00586527, -0.14388226, -0.07258394, -0.04076321,
        0.06544364, -0.04582315, -0.10542804,  0.18054424,  0.02178985,
       -0.13896863, -0.02522738,  0.04086572,  0.21595842,  0.19340996,
       -0.01021496,  0.04741175, -0.10627368,  0.1585625 , -0.18446729,
        0.11618608,  0.11166333,  0.05426538,  0.01176831,  0.19075435,
       -0.05325833, -0.01216159,  0.12647583, -0.17966399,  0.04762932,
        0.02880218,  0.03327309, -0.08617329, -0.03539797,  0.11444478,
        0.13963546, -0.04256098, -0.19987552,  0.14983481, -0.22476044,
        0.01928757,  0.0832421 , -0.06952515, -0.18557309, -0.21853559,
        0.09723748,  0.37628874,  0.18166097, -0.11907345,  0.02212747,
       -0.10721492, -0.10182392,  0.1276678 ,  0.02877839, -0.09226939,
        0.01103095, -0.08609664,  0.02330265,  0.17651765,  0.04721517,
       -0.03400026,  0.21530032,  0.01810426, -0.01698306,  0.05643442,
        0.02723981, -0.17507927,  0.07898403, -0.09619576, -0.02523578,
        0.13050583, -0.11916068,  0.04278323,  0.05017933, -0.19158834,
        0.1139043 , -0.04619581, -0.02923878,  0.0767879 , -0.04566234,
       -0.12208276, -0.04784356,  0.15014577, -0.27465457,  0.0966251 ,
        0.12458313,  0.03771458,  0.14227876,  0.07002187,  0.07422103,
        0.04277704, -0.00880206, -0.12012023, -0.00303116, -0.00783358,
       -0.02694963,  0.01473417,  0.01256109]), array([-0.11814975,  0.03034985,  0.04243481, -0.03250804, -0.01241513,
        0.02729547,  0.00998448, -0.06911463,  0.20761453, -0.11570138,
        0.23929089, -0.03344417, -0.16447112, -0.14662078,  0.02275685,
        0.08633473, -0.08025774, -0.07890809, -0.13971171, -0.11548641,
        0.00254741, -0.0387456 ,  0.07832814,  0.0251705 , -0.25095525,
       -0.38062426, -0.12016058, -0.12383205, -0.01944283, -0.11940566,
       -0.06421061, -0.01151969, -0.17735095, -0.07993479, -0.06747306,
        0.05968714, -0.00986404, -0.05132265,  0.12107538, -0.04320383,
       -0.13888659,  0.02082512,  0.04472167,  0.19163086,  0.2094053 ,
       -0.03541905,  0.0586547 , -0.0429179 ,  0.15058559, -0.18392576,
        0.05773723,  0.04831052,  0.0996265 ,  0.02082462,  0.12975237,
       -0.03834294, -0.04793868,  0.20719247, -0.12543508,  0.09239887,
        0.00353731,  0.02508911, -0.05279554, -0.00404083,  0.11318457,
        0.18557717, -0.09821423, -0.18822348,  0.10236834, -0.18684515,
        0.0537378 ,  0.08112718, -0.08025504, -0.21762481, -0.26818168,
        0.06266389,  0.39103279,  0.11715997, -0.1856927 , -0.03243698,
       -0.13159958, -0.03651536,  0.07117648,  0.00156387, -0.09533191,
        0.00833733, -0.13710973,  0.02805988,  0.22917698,  0.04940479,
       -0.01783374,  0.22087488, -0.01238679,  0.00512587,  0.04207459,
        0.06713211, -0.20489551,  0.03664549, -0.07743621,  0.01820177,
        0.0408707 , -0.11747111, -0.01069858,  0.04537192, -0.15352377,
        0.19151354, -0.04221426,  0.03115972,  0.02470819,  0.04042932,
       -0.09676268, -0.0313885 ,  0.14320537, -0.23095684,  0.04493086,
        0.13468319,  0.00890226,  0.15640587,  0.07730254,  0.07864246,
       -0.01673   ,  0.07402147, -0.14183028, -0.00309767, -0.02158853,
       -0.07451993,  0.04270379,  0.01374571]), array([-4.00909819e-02,  7.47393891e-02,  2.02359017e-02, -6.66653458e-03,
       -1.06070392e-01, -4.42416072e-02, -6.00683503e-03, -8.11298266e-02,
        1.39415443e-01,  1.39042716e-02,  1.77959457e-01, -6.29214719e-02,
       -2.31455564e-01, -5.33869714e-02, -4.80922796e-02,  1.10764913e-01,
       -8.34666789e-02, -9.66796428e-02, -1.15323670e-01, -7.61752874e-02,
        5.92020415e-02,  1.60732809e-02,  4.17266898e-02,  6.14073798e-02,
       -9.18370634e-02, -2.99561620e-01, -5.40795252e-02, -2.01128736e-01,
        3.87108773e-02, -1.87610567e-01, -3.68362628e-02,  1.95846781e-02,
       -2.06393600e-01, -9.85407904e-02, -2.30694488e-02,  6.37954324e-02,
       -2.57219691e-02, -1.64938375e-01,  1.67680785e-01,  4.85805888e-03,
       -8.34570155e-02, -4.86217951e-03,  5.63994162e-02,  1.96244270e-01,
        1.22398190e-01,  2.78598815e-03,  4.24565934e-02, -2.32832506e-04,
        1.09752998e-01, -2.46096700e-01,  8.46606493e-02,  6.49416968e-02,
        2.00114205e-01,  7.57745802e-02,  1.32622555e-01, -1.65183097e-01,
        7.71543086e-02,  7.50966221e-02, -2.74981111e-01,  1.20327637e-01,
        5.57888001e-02,  5.19618839e-02, -6.25644252e-02, -2.57916693e-02,
        2.23403454e-01,  1.61950454e-01, -6.66351542e-02, -7.46108443e-02,
        7.59353638e-02, -1.74095020e-01, -3.20999920e-02,  1.36992522e-02,
       -7.82430321e-02, -1.79523617e-01, -1.99533522e-01,  7.09090233e-02,
        3.53143007e-01,  1.74669608e-01, -2.43760392e-01,  1.57059841e-02,
       -7.94797167e-02, -4.12912853e-02,  3.94231044e-02, -4.26214524e-02,
       -6.99388012e-02,  2.73609869e-02, -1.35461986e-01,  1.13448519e-02,
        1.56468242e-01, -3.27727050e-02, -2.00140104e-02,  2.43767381e-01,
       -3.27879712e-02, -1.69107392e-02,  2.12282538e-02, -1.81361306e-02,
       -1.05849899e-01,  3.00602838e-02, -2.61528380e-02,  1.71625651e-02,
        8.51929635e-02, -1.32984370e-01, -3.71011198e-02,  2.19675433e-03,
       -1.65904373e-01,  3.97299379e-02, -3.76485214e-02, -3.49237621e-02,
       -2.34066769e-02, -4.54024598e-03, -1.99386686e-01, -2.44600084e-02,
        1.78358182e-01, -2.70129889e-01,  2.31734514e-01,  1.32389605e-01,
       -4.45999578e-02,  1.16729543e-01,  3.36690061e-02,  8.03041309e-02,
        6.23321123e-02, -1.58932768e-02, -1.10038467e-01, -1.08255535e-01,
        8.10151473e-02, -2.23652329e-02, -1.71774402e-02,  5.31567335e-02]), array([-0.08121418,  0.01073401,  0.06262538, -0.06938092, -0.10414301,
       -0.03326783,  0.02941805, -0.09912515,  0.16704208, -0.08739416,
        0.21881044, -0.04452104, -0.28173071, -0.08793278, -0.04734115,
        0.11601868, -0.01480068, -0.07578157, -0.1185777 , -0.0879996 ,
       -0.00434008,  0.02801211,  0.12315731, -0.01896087, -0.0441652 ,
       -0.36537287, -0.13708273, -0.07751284,  0.08298557, -0.10231028,
       -0.08639874, -0.01140629, -0.21079314, -0.08755964, -0.03950823,
        0.07542945, -0.0188261 , -0.10709234,  0.2005744 ,  0.06937589,
       -0.15825659,  0.00391797,  0.05802039,  0.16654529,  0.13362728,
        0.05239313,  0.04577987, -0.0333999 ,  0.06382114, -0.18880622,
        0.12770261,  0.03689276,  0.1786451 , -0.05543473,  0.18535063,
       -0.11507221, -0.03476532,  0.08040632, -0.1628758 ,  0.04379197,
        0.04056414,  0.06847059, -0.05281747, -0.04446825,  0.18295699,
        0.16062556, -0.04675993, -0.1176343 ,  0.17302328, -0.20155071,
        0.00497666,  0.0717596 , -0.0549913 , -0.07753468, -0.23143181,
        0.05208103,  0.38736928,  0.11600314, -0.15815264, -0.03835845,
       -0.07141276, -0.09651243,  0.04472747, -0.00297685, -0.10312109,
        0.05451749, -0.1486596 , -0.01886792,  0.17511535, -0.03142043,
       -0.01943952,  0.20841298,  0.00653213,  0.05756542,  0.01474234,
        0.01294498, -0.16483594, -0.01606375, -0.07923341, -0.03457811,
        0.07959095, -0.10359447, -0.01496461,  0.08096856, -0.16778171,
        0.04001382, -0.07736515, -0.10605319, -0.01485718,  0.02153392,
       -0.08817336, -0.04667254,  0.0986153 , -0.21983461,  0.10694962,
        0.137632  , -0.08601646,  0.07102568,  0.0640458 ,  0.06374521,
        0.04424191,  0.0155498 , -0.10977647, -0.13497154, -0.00622731,
       -0.06427097,  0.04979151,  0.05871708]), array([-0.11220297,  0.0427837 ,  0.03871969, -0.06404942, -0.11223434,
       -0.07338861,  0.02732672, -0.06971166,  0.15500167, -0.02537817,
        0.16957791, -0.05520834, -0.31974238, -0.09598689, -0.02949897,
        0.129492  , -0.05078181, -0.10159735, -0.16869082, -0.11224446,
        0.05887838,  0.0306766 ,  0.12075726, -0.00183096, -0.10189778,
       -0.35818386, -0.09335747, -0.12867516,  0.10895036, -0.12929924,
       -0.08722009,  0.01158122, -0.22567621, -0.15015881, -0.06413212,
        0.0664019 , -0.07990508, -0.13399343,  0.22738481,  0.03647751,
       -0.19796327,  0.0374587 ,  0.0712057 ,  0.1965204 ,  0.20195314,
       -0.01285986,  0.06774299,  0.00338354,  0.11037359, -0.23263326,
        0.07527018,  0.11101838,  0.18983313,  0.02799856,  0.21576864,
       -0.13797213,  0.02425803,  0.13188413, -0.19170541,  0.10248087,
        0.03890893, -0.00324633, -0.02667235, -0.04770721,  0.1236264 ,
        0.07047285, -0.04890631, -0.08307941,  0.16752975, -0.16021842,
        0.01537459,  0.09013045, -0.09323591, -0.12646693, -0.2809622 ,
        0.03523393,  0.31110552,  0.09842464, -0.18185639,  0.02136416,
       -0.06356466, -0.06936036,  0.02369906, -0.02303296, -0.0853736 ,
        0.0145023 , -0.18378773, -0.02187771,  0.16160938, -0.04816607,
        0.00596259,  0.22652103,  0.02819423,  0.00284215,  0.05891464,
        0.10168567, -0.21401621, -0.05782248, -0.06675442,  0.00584802,
        0.1152416 , -0.23936485, -0.06844604,  0.02517176, -0.15568748,
        0.07168083, -0.05088386, -0.02779438, -0.08236907, -0.03647496,
       -0.0950617 ,  0.01417277,  0.1292309 , -0.20509496,  0.20417728,
        0.20199949, -0.12700063,  0.08200835,  0.06562591,  0.03184627,
       -0.02474484,  0.02283295, -0.1043755 , -0.17770477,  0.00722317,
       -0.03019963,  0.01127095,  0.09153788]), array([-1.12896152e-01,  1.38277253e-02,  4.41659521e-03, -4.10184935e-02,
       -3.92103866e-02, -9.79517102e-02,  3.40633243e-02, -1.53808475e-01,
        1.35614157e-01, -1.37285823e-02,  2.02454537e-01, -4.46618050e-02,
       -3.14469725e-01, -1.32574916e-01, -6.59138784e-02,  9.90551412e-02,
       -7.05432743e-02, -1.27356872e-01, -1.35086641e-01, -1.23357438e-01,
        4.72498238e-02,  3.78892571e-02,  1.21369146e-01,  5.22741824e-02,
       -6.17154464e-02, -3.73879462e-01, -9.90733951e-02, -1.56386495e-01,
        7.98844546e-02, -1.28810421e-01, -6.59487844e-02,  2.60075331e-02,
       -1.96603760e-01, -1.26113161e-01, -3.45558450e-02,  1.04059037e-02,
       -4.55365004e-03, -1.67028666e-01,  2.48894647e-01,  4.12903577e-02,
       -8.93766508e-02,  6.56401217e-02,  1.88313909e-02,  2.34700739e-01,
        1.79153278e-01, -4.60304767e-02,  6.67743161e-02, -5.99351786e-02,
        1.00163899e-01, -2.37055525e-01,  8.15784000e-03,  1.25113502e-01,
        1.09496504e-01, -2.74606589e-02,  1.73010901e-01, -1.35888830e-01,
        3.31077576e-02,  8.45517665e-02, -2.35916242e-01,  1.25907585e-01,
       -2.21936312e-03, -1.67813431e-02, -6.23913333e-02, -6.78625926e-02,
        1.31974354e-01,  9.15694833e-02, -4.59581353e-02, -8.92230719e-02,
        1.41472667e-01, -1.80538356e-01,  2.51547014e-03,  2.20861118e-02,
       -1.15824737e-01, -1.60646468e-01, -2.35285133e-01,  4.20045927e-02,
        3.50641042e-01,  1.65930539e-01, -1.86548010e-01,  1.39440656e-01,
       -1.08230732e-01, -3.50803211e-02,  4.58455831e-02, -4.35725674e-02,
       -1.17980197e-01,  4.02376652e-02, -1.65307149e-01,  1.52263548e-02,
        1.25891015e-01,  4.28821221e-02, -4.55415472e-02,  2.74107099e-01,
       -4.14550602e-02,  4.94118929e-02,  1.33569121e-01,  3.08260806e-02,
       -1.62362620e-01, -4.43545915e-02, -5.16882986e-02,  5.32006659e-03,
        1.27206400e-01, -2.17932820e-01,  4.26086038e-02,  2.41865925e-02,
       -1.61500990e-01,  4.04174998e-02, -8.88785869e-02, -8.35265964e-05,
       -6.19737338e-03, -1.57191548e-02, -8.94243941e-02,  4.08372357e-02,
        1.30829096e-01, -2.57565945e-01,  2.22403154e-01,  1.74332082e-01,
       -3.96980718e-02,  1.17638491e-01,  4.46427539e-02,  1.53809879e-02,
       -4.87426706e-02,  4.44201007e-02, -1.16825506e-01, -1.14453942e-01,
        1.46072078e-02, -6.23881072e-03,  5.95446415e-02,  7.43110254e-02]), array([-0.07424673,  0.05427782,  0.05737682, -0.0531554 , -0.09522572,
       -0.02525388,  0.04470822, -0.05586036,  0.15670487, -0.00759682,
        0.11549886, -0.06136472, -0.25396326, -0.1027227 ,  0.0172834 ,
        0.04805927, -0.09546684, -0.14966264, -0.10986018, -0.10824288,
        0.03623481,  0.00049922,  0.04197797,  0.03118914, -0.16572592,
       -0.33868834, -0.04002756, -0.15100464,  0.06091961, -0.09558811,
       -0.02197007,  0.0205568 , -0.23634346, -0.14128694, -0.03252908,
        0.06170823,  0.01790283, -0.0578215 ,  0.18310344, -0.02135616,
       -0.17112342,  0.12518032,  0.07187198,  0.21241274,  0.19509055,
        0.05361369,  0.04378596, -0.013029  ,  0.19630267, -0.27443931,
        0.13425574,  0.11571717,  0.14534204, -0.03791682,  0.1836908 ,
       -0.16415784, -0.07944723,  0.10485712, -0.19194587,  0.14889137,
        0.07929866,  0.05248468, -0.07929779, -0.1353958 ,  0.13118093,
        0.10939029, -0.0937148 , -0.11046445,  0.162562  , -0.14992847,
       -0.00995298,  0.05428383, -0.08325185, -0.08644776, -0.24454841,
        0.12233114,  0.35205519,  0.11055459, -0.18659142,  0.03497324,
       -0.10204411,  0.04477299, -0.0078798 , -0.02872968, -0.07146776,
        0.00192051, -0.09574569,  0.01410649,  0.12709811,  0.03283995,
       -0.02049641,  0.1971323 , -0.01324119,  0.02500034,  0.02027892,
        0.04557608, -0.20955922, -0.01112118, -0.12928364,  0.02509293,
        0.11698529, -0.10799009,  0.01509571,  0.0794766 , -0.16722959,
        0.11252145, -0.08597286,  0.0006169 , -0.00810255,  0.03882384,
       -0.09016657,  0.04313561,  0.12423192, -0.26436958,  0.21836801,
        0.10175376, -0.08034329,  0.08941694,  0.06701453,  0.03152728,
        0.03863272,  0.06609043, -0.16402049, -0.163221  ,  0.03884101,
       -0.05374837,  0.03030593,  0.0873972 ]), array([-0.06282961,  0.01356146,  0.08098495, -0.00894574, -0.17642502,
        0.01580667,  0.03578786, -0.04155859,  0.09076843, -0.07685382,
        0.14018939, -0.01538453, -0.29553029,  0.02172075, -0.01919879,
        0.06233198, -0.05069426, -0.17378138, -0.06721473, -0.08418047,
       -0.02420215,  0.02696283, -0.06106881, -0.08519094, -0.03850748,
       -0.34561932, -0.05863851,  0.011764  ,  0.03132976, -0.08241592,
        0.05669833,  0.09551623, -0.23258464, -0.05487203,  0.01317962,
        0.04856957, -0.08368604, -0.08854559,  0.1761421 ,  0.01967537,
       -0.1386507 ,  0.00839699,  0.06689225,  0.27973592,  0.11226119,
        0.04322309, -0.0259172 ,  0.02142595,  0.03903072, -0.27387649,
        0.07858425,  0.16119115,  0.14574899,  0.03232111,  0.13436644,
       -0.15505005,  0.02017846,  0.02598434, -0.115947  ,  0.04777914,
        0.03393994, -0.03012881,  0.01461233, -0.14015146,  0.1873235 ,
        0.0267789 ,  0.00052581, -0.0586149 ,  0.18341   , -0.12661378,
       -0.0701385 , -0.02758671, -0.08484679, -0.1053393 , -0.22357523,
        0.04734167,  0.32096457,  0.16689488, -0.15640695,  0.05457435,
       -0.04217153, -0.00708029,  0.02605076, -0.04544115, -0.08245987,
       -0.0038025 , -0.09174967,  0.01139296,  0.21254353, -0.00346   ,
       -0.07342003,  0.14454177,  0.00248922, -0.06922074,  0.08857124,
       -0.05881399, -0.05213419, -0.06127482, -0.16920368, -0.06079201,
        0.05337144, -0.18888426, -0.00783313,  0.15891652, -0.23730166,
        0.11034862, -0.0201535 , -0.0279822 ,  0.00777567,  0.05456052,
       -0.11686492,  0.01265191,  0.12989052, -0.24728109,  0.22751157,
        0.14947218, -0.05685707,  0.12361213,  0.04257492,  0.04275443,
       -0.03490164, -0.01180576, -0.10793269, -0.20933509, -0.01019521,
        0.04003443,  0.0245997 ,  0.12112617]), array([-0.05869263, -0.01267947,  0.04997042, -0.02328011, -0.15839563,
       -0.05645257,  0.02695351, -0.09948705,  0.1398364 , -0.10597874,
        0.15975882, -0.03298528, -0.32801375, -0.03045586, -0.02910723,
        0.10478432, -0.04607005, -0.17586619, -0.06772816, -0.0618352 ,
       -0.03674367,  0.02453514, -0.00832386, -0.03182988, -0.0479176 ,
       -0.39084238, -0.07676747, -0.04018287,  0.0185702 , -0.05099846,
       -0.04600357,  0.0978715 , -0.1659407 , -0.07547677,  0.04381254,
        0.12696417, -0.05957334, -0.05734052,  0.23416713,  0.09355754,
       -0.16852488, -0.01878254,  0.03602649,  0.30286068,  0.10215835,
        0.08369534,  0.02011857, -0.01198906,  0.10368812, -0.25664556,
        0.11022431,  0.16693898,  0.11828257,  0.00304022,  0.16578677,
       -0.15841986,  0.01329707,  0.05823622, -0.15658207,  0.04151341,
        0.08792119, -0.01732118, -0.00928037, -0.10518634,  0.25774577,
        0.0580784 , -0.0653968 , -0.01068995,  0.14734879, -0.14979184,
       -0.06232325, -0.06143921, -0.10819393, -0.08230112, -0.2290253 ,
        0.0667481 ,  0.36719835,  0.11304529, -0.14857666,  0.02524616,
       -0.03539491, -0.05218918,  0.08445501, -0.02620845, -0.09112772,
        0.02255305, -0.12997638, -0.03499112,  0.19702555, -0.01969894,
        0.00646813,  0.15557432, -0.03566563, -0.00512454,  0.08232924,
       -0.00808947, -0.14892313, -0.04104707, -0.12573108, -0.05913691,
        0.12544818, -0.20088786,  0.02508213,  0.10271429, -0.23358999,
        0.06386751, -0.05550112, -0.03739855,  0.04020575,  0.02722904,
       -0.14728878, -0.05850482,  0.13066632, -0.21501032,  0.22399695,
        0.13396242, -0.07072115,  0.10938722,  0.06043819,  0.04888762,
       -0.05229897,  0.01586817, -0.09435124, -0.19465286,  0.01596152,
        0.04789562,  0.05146145,  0.07073303]), array([-0.04517503,  0.03186956,  0.10956755, -0.03282905, -0.14761111,
        0.04895899,  0.05309912, -0.07308085,  0.0644654 , -0.09172587,
        0.16052532, -0.09216791, -0.26474431,  0.02348612, -0.00663833,
        0.09825134, -0.05319578, -0.13008869, -0.12012248, -0.09374271,
       -0.07912044,  0.00356809, -0.03427834, -0.08319176, -0.02136554,
       -0.35156682, -0.02312424, -0.01488934,  0.01850849, -0.07595269,
        0.01850963,  0.06091883, -0.21511917, -0.02723785, -0.00322997,
        0.0171818 , -0.17541008, -0.10237252,  0.17799351, -0.00209352,
       -0.14493541, -0.01340588,  0.0525156 ,  0.2575067 ,  0.1149395 ,
        0.02166256, -0.01253196, -0.00533406,  0.07129334, -0.27381188,
        0.11326317,  0.11775076,  0.11986351,  0.08044098,  0.09973129,
       -0.11797407,  0.00809692,  0.01248572, -0.14627209,  0.04800236,
        0.10359885, -0.03087539, -0.04978509, -0.14840586,  0.18562832,
        0.13749525, -0.03883569, -0.09950223,  0.15230605, -0.14450891,
       -0.03247512, -0.03431425, -0.0525206 , -0.12055776, -0.20677739,
        0.0562621 ,  0.27050099,  0.15585276, -0.16454625, -0.0656188 ,
       -0.03408134,  0.01916393,  0.08334666, -0.00859292, -0.07592556,
        0.00571552, -0.03428743, -0.01019659,  0.17455819, -0.06157852,
       -0.10573033,  0.1514498 ,  0.00368213, -0.1163388 ,  0.07392875,
       -0.01510197, -0.05945604, -0.02800036, -0.17240675, -0.00644755,
        0.03687363, -0.17665002, -0.00851469,  0.10556883, -0.19606605,
        0.19570483, -0.02297507, -0.00675893,  0.03198899,  0.00924727,
       -0.1234869 , -0.02173017,  0.126635  , -0.23733158,  0.19514896,
        0.1289908 , -0.02296601,  0.13047661,  0.04095417,  0.07185987,
       -0.01609806,  0.01237906, -0.10935099, -0.18200889,  0.00825807,
        0.08667165, -0.00802536,  0.10045487]), array([-0.15248919, -0.0246574 ,  0.03954798, -0.06608943, -0.07582781,
       -0.02079635,  0.04307061, -0.033529  ,  0.20292841, -0.04860673,
        0.12311968, -0.02510476, -0.18085569, -0.05636141, -0.06607521,
        0.09147865, -0.18915102, -0.17751804, -0.05461495, -0.13620862,
        0.00245041, -0.03102119, -0.05541782,  0.02061507, -0.13904148,
       -0.27360284, -0.04003056, -0.10351889,  0.16436563, -0.0980293 ,
       -0.00121322,  0.00552789, -0.22520274, -0.04630081, -0.03312277,
        0.06772564,  0.03001969, -0.0787095 ,  0.23197277, -0.02212383,
       -0.14302088,  0.01520009,  0.03653256,  0.3002719 ,  0.11319186,
        0.06745705,  0.00224566, -0.03706488,  0.14899123, -0.29048121,
        0.15157039,  0.13431869,  0.04641613, -0.0438248 ,  0.07844218,
       -0.20645274, -0.00809619,  0.07442251, -0.24185039,  0.16790392,
        0.05341686,  0.0605591 , -0.06357448, -0.03752203,  0.16888285,
        0.15358084, -0.05499512, -0.16453183,  0.2175058 , -0.21267754,
        0.05065525,  0.05765545, -0.04896647, -0.12276573, -0.27076194,
        0.02320775,  0.47801182,  0.12124527, -0.10105468,  0.06144824,
       -0.08998647, -0.04985873,  0.14601985,  0.00117701, -0.15880352,
        0.04433959, -0.12010914,  0.07338839,  0.20260216,  0.0960078 ,
       -0.0724705 ,  0.15821996,  0.05792291, -0.06410379,  0.0197694 ,
        0.04533336, -0.08042045, -0.01655918, -0.10688561, -0.0239184 ,
        0.143369  , -0.07343466,  0.04761433,  0.15817456, -0.19984096,
        0.1190353 ,  0.00458353, -0.01472341, -0.00292117,  0.06844277,
       -0.11322883, -0.01944691,  0.15509292, -0.24310222,  0.14990255,
        0.15387167,  0.03427681,  0.10495048,  0.02674434,  0.0134442 ,
        0.03684776,  0.00573096, -0.15495715, -0.05495315, -0.06304097,
       -0.05225749,  0.09367425,  0.14095823]), array([-0.17914072, -0.03094591,  0.06515989, -0.06664359, -0.06759631,
       -0.0277779 ,  0.08835247, -0.0562004 ,  0.17973514, -0.02481989,
        0.15099844, -0.01678801, -0.2217647 , -0.06234198, -0.04761316,
        0.04441006, -0.20151359, -0.20740725, -0.06266099, -0.14305989,
        0.03000118,  0.02659176, -0.02973956, -0.00776718, -0.17748994,
       -0.27539095, -0.04628745, -0.14542927,  0.15959665, -0.09709082,
        0.04210579, -0.04399443, -0.2275019 , -0.06677522, -0.02527243,
        0.11528242,  0.02520624, -0.09983559,  0.25234768, -0.02786108,
       -0.1595352 , -0.0216771 ,  0.08088537,  0.28980631,  0.06682051,
        0.04187213, -0.02562648,  0.00414969,  0.12235686, -0.31193429,
        0.12452713,  0.13863158,  0.07632994,  0.02938736,  0.05908865,
       -0.22193214,  0.0164836 ,  0.09699041, -0.25495532,  0.13161984,
        0.02875028,  0.02213636,  0.01454702,  0.00386018,  0.18143176,
        0.10804404, -0.07483594, -0.10649371,  0.1152745 , -0.23373796,
        0.02289175,  0.05810349, -0.0490652 , -0.10206041, -0.27432814,
        0.03716204,  0.44930756,  0.05868129, -0.09465067,  0.04013956,
       -0.09466183, -0.06756654,  0.10004923,  0.01627756, -0.14342353,
        0.10882646, -0.1413755 ,  0.05547174,  0.20203954,  0.05804824,
       -0.02391916,  0.17680703,  0.04512162, -0.01159335,  0.06767683,
        0.07233292, -0.1016965 , -0.03329296, -0.05735301,  0.03291264,
        0.09886634, -0.09519326,  0.04193541,  0.11628881, -0.2023835 ,
        0.10554618,  0.00724213, -0.07212766, -0.0366316 ,  0.00095926,
       -0.05619121, -0.05375167,  0.16183107, -0.2550965 ,  0.1581161 ,
        0.20691472, -0.02793869,  0.16408597,  0.01448499, -0.01257508,
       -0.0091614 ,  0.04893715, -0.12829518, -0.04655466, -0.05865024,
       -0.06111886,  0.06849472,  0.10282548]), array([-0.11858626,  0.0709867 ,  0.0910331 , -0.01756858, -0.02982177,
       -0.05052678,  0.0626909 , -0.08606792,  0.19786948, -0.03880865,
        0.1969201 , -0.04250023, -0.18802802, -0.08827244, -0.0193912 ,
        0.0705518 , -0.17407905, -0.15628114, -0.01778096, -0.07553264,
        0.10234506,  0.0287908 ,  0.01970858,  0.00265927, -0.15526056,
       -0.3245146 , -0.06823109, -0.14620234,  0.13960932, -0.07823342,
        0.01378816,  0.04477718, -0.20149821, -0.03565814, -0.02697178,
        0.0922769 ,  0.05072255, -0.05225117,  0.19220059,  0.01094358,
       -0.13711002,  0.00309245,  0.06542236,  0.27864942,  0.1335035 ,
       -0.00240916,  0.00958602,  0.03127206,  0.0933052 , -0.24807234,
        0.09968469,  0.09580447,  0.14590049,  0.02593319,  0.15550184,
       -0.21711925, -0.01025187,  0.02485513, -0.23229344,  0.1532333 ,
        0.05001215,  0.00950896, -0.031408  ,  0.00148555,  0.17345743,
        0.07289016, -0.08753742, -0.1137463 ,  0.10999925, -0.15824439,
        0.01258186,  0.06604598, -0.10053281, -0.10800155, -0.26168549,
        0.06412002,  0.40650654,  0.07341912, -0.15384549,  0.0953216 ,
       -0.07214177, -0.0442595 ,  0.04542606,  0.0082106 , -0.08743941,
        0.08867402, -0.16079794,  0.04305867,  0.12367597,  0.02150647,
       -0.04697141,  0.21512912, -0.0567581 ,  0.00225137,  0.01307612,
        0.01106625, -0.1020358 , -0.00513405, -0.08332169, -0.02376474,
        0.07437709, -0.13153931, -0.02913072,  0.07243813, -0.22224806,
        0.07052283,  0.00094522, -0.01868125, -0.04253767,  0.03176235,
       -0.15465073,  0.02792365,  0.13944335, -0.29770902,  0.20312132,
        0.1568881 , -0.02010945,  0.13419341,  0.04130308, -0.00603538,
        0.04828781,  0.028225  , -0.0885377 , -0.07998721, -0.03098155,
       -0.05443932,  0.01581718,  0.09006616]), array([-0.09412728,  0.00187328,  0.0254513 , -0.04567994, -0.08895262,
       -0.00756636,  0.06541525, -0.09818658,  0.1548097 , -0.04249855,
        0.16978259, -0.01472427, -0.18785354, -0.09648281, -0.02656548,
        0.01178305, -0.21515606, -0.16900945, -0.01930176, -0.0863177 ,
       -0.00243879, -0.05510526,  0.02923138, -0.01369184, -0.10891673,
       -0.32131025, -0.07009743, -0.13972548,  0.17882237, -0.05009127,
        0.04859171,  0.01114599, -0.246319  , -0.09059592, -0.04134926,
        0.08992745, -0.01243539, -0.10670362,  0.27322078, -0.06795805,
       -0.12440368, -0.01379037,  0.08116868,  0.26333806,  0.13979878,
        0.02011779, -0.00470034,  0.0173488 ,  0.14411449, -0.27432957,
        0.13439934,  0.10340091,  0.13426465,  0.01456131,  0.07184049,
       -0.22059754,  0.04454691,  0.09804693, -0.20234974,  0.12514991,
        0.01765769,  0.00541781,  0.01515039,  0.02031647,  0.21018067,
        0.07060724, -0.04673504, -0.07584856,  0.14762338, -0.18348099,
        0.0483007 ,  0.05937863, -0.04910391, -0.13034439, -0.24471238,
        0.04692971,  0.44674665,  0.1193333 , -0.12510343,  0.0605345 ,
       -0.11137686, -0.05414302,  0.12020576,  0.02048857, -0.121177  ,
        0.04646043, -0.17204824,  0.0056867 ,  0.18111804,  0.0445956 ,
       -0.06452141,  0.20636503,  0.02579976, -0.00152298,  0.09209154,
        0.02404569, -0.07638255, -0.00581071, -0.12036854,  0.0027148 ,
        0.10269876, -0.15648369, -0.00381267,  0.09631354, -0.23963523,
        0.08062929,  0.01060758, -0.01505239,  0.02483071, -0.0368293 ,
       -0.07787923, -0.02187256,  0.1694959 , -0.31883466,  0.1543189 ,
        0.1642734 , -0.03196786,  0.21813047,  0.06185192,  0.0215937 ,
        0.01711359, -0.02808141, -0.13857906, -0.06176829, -0.04527574,
       -0.01728648,  0.0632495 ,  0.1161897 ]), array([-0.10436191,  0.06905565,  0.0083047 , -0.08804952, -0.06263781,
        0.01750925,  0.03609883, -0.05759107,  0.19288576, -0.0039968 ,
        0.11860723, -0.01299889, -0.17200069, -0.06579994, -0.08534684,
        0.01670942, -0.21482269, -0.18514231, -0.05152965, -0.10608444,
        0.00456687, -0.03369238, -0.01997302,  0.01495028, -0.16238824,
       -0.28755984, -0.02506189, -0.12865198,  0.16676009, -0.09340742,
        0.01508966,  0.01572669, -0.27181414, -0.09833618, -0.03612594,
        0.104646  ,  0.03327394, -0.04700842,  0.19858372, -0.00407994,
       -0.14276892,  0.01222615,  0.05185243,  0.28735656,  0.15772204,
        0.06733054, -0.01116342, -0.02142143,  0.13822038, -0.26337513,
        0.13587976,  0.15982953,  0.09195433,  0.00585815,  0.04877002,
       -0.21287434,  0.02140306,  0.05719769, -0.22755586,  0.14825457,
        0.03994878,  0.05196836, -0.02792749,  0.0215463 ,  0.13818148,
        0.12454557, -0.02491852, -0.1732298 ,  0.21916324, -0.21416524,
        0.01216181,  0.06285277, -0.02860909, -0.13245043, -0.24506707,
        0.03431892,  0.39776832,  0.15246075, -0.11641002,  0.07159673,
       -0.101274  , -0.04865158,  0.11754326,  0.01251722, -0.14397539,
        0.08610908, -0.1248285 ,  0.05551123,  0.19769156,  0.08758167,
       -0.09113781,  0.1875004 ,  0.0217025 , -0.01416175,  0.06888948,
        0.05971572, -0.10162802,  0.05009862, -0.16042536, -0.01052914,
        0.15096942, -0.06633568,  0.01195575,  0.15209872, -0.1909325 ,
        0.10626075, -0.00530361, -0.01137584, -0.01549432,  0.00456663,
       -0.08731188, -0.02020092,  0.19613455, -0.24936658,  0.20197493,
        0.18467586,  0.00191039,  0.11582185,  0.10552112, -0.02933221,
        0.10740013, -0.02594641, -0.17049958, -0.08095863, -0.05365944,
       -0.08745737,  0.04798183,  0.11085841])]